function array = output_array()
% 
% array = zeros(60,3);
% array(1:20,1) = 1;
% array(21:40,2) = 1;
% array(41:60,3) = 1;

% array = zeros(520,1);
% array(1:20,1) = 1;
% array(21:40,1) = 2;
% array(41:60,1) = 3;
% array(61:80,1) = 4;
% array(81:100,1) = 5;
% array(101:120,1) = 6;
% array(121:140,1) = 7;
% array(141:160,1) = 8;
% array(161:180,1) = 9;
% array(181:200,1) = 10;
% array(201:220,1) = 11;
% array(221:240,1) = 12;
% array(241:260,1) = 13;
% array(261:280,1) = 14;
% array(281:300,1) = 15;
% array(301:320,1) = 16;
% array(321:340,1) = 17;
% array(341:360,1) = 18;
% array(361:380,1) = 19;
% array(381:400,1) = 20;
% array(401:420,1) = 21;
% array(421:440,1) = 22;
% array(441:460,1) = 23;
% array(461:480,1) = 24;
% array(481:500,1) = 25;
% array(501:520,1) = 26;


array = zeros(520,26);
array(1:20,1) = 1;
array(21:40,2) = 1;
array(41:60,3) = 1;
array(61:80,4) = 1;
array(81:100,5) = 1;
array(101:120,6) = 1;
array(121:140,7) = 1;
array(141:160,8) = 1;
array(161:180,9) = 1;
array(181:200,10) = 1;
array(201:220,11) = 1;
array(221:240,12) = 1;
array(241:260,13) = 1;
array(261:280,14) = 1;
array(281:300,15) = 1;
array(301:320,16) = 1;
array(321:340,17) = 1;
array(341:360,18) = 1;
array(361:380,19) = 1;
array(381:400,20) = 1;
array(401:420,21) = 1;
array(421:440,22) = 1;
array(441:460,23) = 1;
array(461:480,24) = 1;
array(481:500,25) = 1;
array(501:520,26) = 1;

end
